100,100
80,76,24,28
26
4,7,4,16,11,15
16,14,12,20,22,22,22,14
15,2,15,10,25,10,30,5,25,2
40,6,44,20,54,4
60,10,60,26,70,26,70,10
34,20,40,30,38,40,30,40,26,34
5,24,20,30,10,36
48,26,56,26,56,40,48,40
66,2,80,10,90,6,80,2
80,20,90,14,94,20,94,30,90,36,74,34
60,36,70,30,70,46
4,40,18,40,18,44,4,44
26,44,40,46,40,50,30,52
22,48,8,52,6,60,14,66
44,52,54,46,54,58
80,40,74,50,80,56,90,50
60,46,64,58,68,58,64,46
22,62,34,56,50,60,40,66
54,64,80,64,86,68,80,70,50,70
6,74,20,70,30,80
32,70,44,74,46,90
54,78,60,74,68,74,74,78,74,84,70,90,60,90,52,86
90,56,96,56,98,72,90,72
84,76,92,90,82,94
2,84,14,84,14,96,2,96
20,86,36,84,40,94,30,98